1 0.6286057692307693 0.35096153846153844 0.04326923076923077 0.04326923076923077
3 0.36177884615384615 0.36899038461538464 0.021634615384615384 0.05048076923076923
1 0.45913461538461536 0.38100961538461536 0.024639423076923076 0.04567307692307692
3 0.8413461538461539 0.38100961538461536 0.014423076923076924 0.05048076923076923
1 0.4651442307692308 0.40384615384615385 0.03064903846153846 0.03365384615384615
1 0.5745192307692307 0.4170673076923077 0.034254807692307696 0.05048076923076923
1 0.30408653846153844 0.43509615384615385 0.03064903846153846 0.05348557692307692
1 0.3786057692307692 0.43990384615384615 0.040865384615384616 0.05829326923076923
1 0.2776442307692308 0.44711538461538464 0.040865384615384616 0.06790865384615384
1 0.44471153846153844 0.4651442307692308 0.04447115384615385 0.0625
1 0.7127403846153846 0.4807692307692308 0.059495192307692304 0.07692307692307693
6 0.5108173076923077 0.484375 0.055288461538461536 0.11057692307692307
1 0.5985576923076923 0.48677884615384615 0.038461538461538464 0.05588942307692308
1 0.4206730769230769 0.5552884615384616 0.05228365384615385 0.0859375
6 0.7728365384615384 0.5673076923076923 0.07391826923076923 0.13942307692307693
1 0.4855769230769231 0.6286057692307693 0.06670673076923077 0.09134615384615384
2 0.18389423076923078 0.6490384615384616 0.03545673076923077 0.0967548076923077
1 0.10096153846153846 0.65625 0.08653846153846154 0.09615384615384616
1 0.36177884615384615 0.6995192307692307 0.07451923076923077 0.12079326923076923
0 0.9242788461538461 0.7512019230769231 0.14903846153846154 0.4645432692307692
1 0.19230769230769232 0.7536057692307693 0.07692307692307693 0.125
1 0.6502403846153846 0.7884615384615384 0.08653846153846154 0.12379807692307693