1 0.25961538461538464 0.20793269230769232 0.0390625 0.05048076923076923
1 0.390625 0.21754807692307693 0.040865384615384616 0.06490384615384616
1 0.5913461538461539 0.23076923076923078 0.039663461538461536 0.06610576923076923
1 0.23918269230769232 0.26322115384615385 0.046274038461538464 0.06490384615384616
1 0.32091346153846156 0.2692307692307692 0.05108173076923077 0.09615384615384616
1 0.5805288461538461 0.2692307692307692 0.03665865384615385 0.07572115384615384
6 0.6033653846153846 0.3173076923076923 0.0625 0.12620192307692307
2 0.296875 0.36778846153846156 0.025841346153846152 0.0967548076923077
1 0.8040865384615384 0.38221153846153844 0.08353365384615384 0.11478365384615384
6 0.6502403846153846 0.41225961538461536 0.09314903846153846 0.20853365384615385
1 0.12259615384615384 0.4807692307692308 0.10036057692307693 0.12379807692307693
2 0.23076923076923078 0.48197115384615385 0.030048076923076924 0.11838942307692307
1 0.7271634615384616 0.5841346153846154 0.1123798076923077 0.18629807692307693
5 0.2692307692307692 0.6189903846153846 0.11658653846153846 0.22896634615384615
1 0.5444711538461539 0.07572115384615384 0.021634615384615384 0.03125
1 0.5745192307692307 0.0829326923076923 0.02283653846153846 0.03365384615384615
1 0.734375 0.9026442307692307 0.17127403846153846 0.19050480769230768
1 0.4987980769230769 0.09254807692307693 0.022235576923076924 0.03545673076923077
6 0.4182692307692308 0.1310096153846154 0.028846153846153848 0.0625
1 0.49158653846153844 0.1310096153846154 0.025841346153846152 0.04567307692307692
1 0.31850961538461536 0.140625 0.026442307692307692 0.04807692307692308
1 0.4579326923076923 0.16947115384615385 0.026442307692307692 0.05108173076923077