3 0.8461538461538461 0.21394230769230768 0.0234375 0.06129807692307692
3 0.8161057692307693 0.21754807692307693 0.021033653846153848 0.06009615384615385
3 0.8353365384615384 0.21875 0.01141826923076923 0.0625
1 0.6598557692307693 0.2403846153846154 0.05048076923076923 0.0967548076923077
1 0.24278846153846154 0.24278846153846154 0.034254807692307696 0.05228365384615385
1 0.30288461538461536 0.25600961538461536 0.05709134615384615 0.07451923076923077
1 0.5240384615384616 0.28966346153846156 0.04927884615384615 0.08353365384615384
6 0.5997596153846154 0.3137019230769231 0.059495192307692304 0.13161057692307693
1 0.19471153846153846 0.33533653846153844 0.06310096153846154 0.08353365384615384
0 0.7860576923076923 0.37259615384615385 0.20192307692307693 0.3167067307692308
6 0.6466346153846154 0.4026442307692308 0.0859375 0.20192307692307693
2 0.4375 0.4254807692307692 0.033052884615384616 0.1015625
1 0.18269230769230768 0.47115384615384615 0.08533653846153846 0.10697115384615384
2 0.23076923076923078 0.5420673076923077 0.034254807692307696 0.13701923076923078
1 0.7151442307692307 0.5564903846153846 0.10336538461538461 0.17548076923076922
2 0.8401442307692307 0.6526442307692307 0.04326923076923077 0.15865384615384615
1 0.2764423076923077 0.7043269230769231 0.14903846153846154 0.32271634615384615
1 0.7860576923076923 0.7884615384615384 0.15384615384615385 0.30228365384615385
2 0.8858173076923077 0.8257211538461539 0.036057692307692304 0.17608173076923078
2 0.921875 0.8870192307692307 0.057692307692307696 0.13401442307692307
1 0.41466346153846156 0.8882211538461539 0.13942307692307693 0.21875
1 0.6105769230769231 0.9651442307692307 0.125 0.0655048076923077
1 0.46033653846153844 0.15865384615384615 0.03365384615384615 0.046875
1 0.21634615384615385 0.1658653846153846 0.04266826923076923 0.06370192307692307
1 0.6105769230769231 0.17548076923076922 0.029447115384615384 0.05709134615384615
1 0.3713942307692308 0.18389423076923078 0.036057692307692304 0.06911057692307693
1 0.25240384615384615 0.19951923076923078 0.028245192307692308 0.06370192307692307