3 0.8497596153846154 0.234375 0.016826923076923076 0.06009615384615385
3 0.8353365384615384 0.24278846153846154 0.012620192307692308 0.06129807692307692
0 0.6430288461538461 0.3942307692307692 0.08954326923076923 0.19771634615384615
4 0.19951923076923078 0.39663461538461536 0.09254807692307693 0.12139423076923077
1 0.44591346153846156 0.4338942307692308 0.07211538461538461 0.1328125
1 0.3004807692307692 0.5048076923076923 0.1015625 0.19290865384615385
1 0.7163461538461539 0.5576923076923077 0.1045673076923077 0.19771634615384615
1 0.8713942307692307 0.5925480769230769 0.13221153846153846 0.20973557692307693
1 0.8870192307692307 0.8257211538461539 0.07632211538461539 0.17608173076923078
2 0.3701923076923077 0.140625 0.0234375 0.05588942307692308
0 0.6382211538461539 0.18629807692307693 0.0985576923076923 0.15625
2 0.4014423076923077 0.1875 0.02403846153846154 0.05829326923076923