1 0.5625 0.3473557692307692 0.0234375 0.04146634615384615
1 0.421875 0.3629807692307692 0.02403846153846154 0.04266826923076923
3 0.36538461538461536 0.3701923076923077 0.015024038461538462 0.0390625
1 0.5733173076923077 0.3786057692307692 0.027043269230769232 0.03665865384615385
1 0.4699519230769231 0.3858173076923077 0.03545673076923077 0.04567307692307692
6 0.5216346153846154 0.3858173076923077 0.034254807692307696 0.0655048076923077
3 0.8894230769230769 0.4182692307692308 0.014423076923076924 0.06670673076923077
1 0.453125 0.43028846153846156 0.036057692307692304 0.05709134615384615
1 0.4014423076923077 0.47836538461538464 0.04266826923076923 0.07692307692307693
2 0.29447115384615385 0.5 0.017427884615384616 0.05829326923076923
1 0.5949519230769231 0.5 0.04326923076923077 0.08233173076923077
2 0.22716346153846154 0.5228365384615384 0.040865384615384616 0.07932692307692307
3 0.9771634615384616 0.5360576923076923 0.019230769230769232 0.08173076923076923
0 0.5216346153846154 0.5504807692307693 0.07692307692307693 0.19651442307692307
1 0.7740384615384616 0.5612980769230769 0.06670673076923077 0.08954326923076923
1 0.036057692307692304 0.5997596153846154 0.06790865384615384 0.10817307692307693
0 0.3557692307692308 0.6153846153846154 0.12560096153846154 0.25540865384615385
1 0.8701923076923077 0.6826923076923077 0.10516826923076923 0.17307692307692307
1 0.21995192307692307 0.6850961538461539 0.0751201923076923 0.12079326923076923
1 0.09134615384615384 0.7367788461538461 0.10036057692307693 0.12259615384615384