1 0.515625 0.2127403846153846 0.04026442307692308 0.07932692307692307
3 0.8653846153846154 0.21754807692307693 0.019831730769230768 0.07391826923076923
3 0.8413461538461539 0.22235576923076922 0.009615384615384616 0.0655048076923077
1 0.25 0.22716346153846154 0.034254807692307696 0.0625
3 0.8257211538461539 0.2283653846153846 0.017427884615384616 0.05709134615384615
1 0.5925480769230769 0.22956730769230768 0.046274038461538464 0.059495192307692304
3 0.8533653846153846 0.234375 0.009615384615384616 0.09375
1 0.4543269230769231 0.2439903846153846 0.038461538461538464 0.0625
0 0.6875 0.25721153846153844 0.11117788461538461 0.21574519230769232
1 0.2403846153846154 0.2692307692307692 0.043870192307692304 0.05709134615384615
1 0.35216346153846156 0.2932692307692308 0.052884615384615384 0.11057692307692307
6 0.5961538461538461 0.3088942307692308 0.056490384615384616 0.12740384615384615
1 0.24879807692307693 0.3293269230769231 0.07872596153846154 0.08713942307692307
6 0.6466346153846154 0.3918269230769231 0.08713942307692307 0.21634615384615385
2 0.7043269230769231 0.40865384615384615 0.0234375 0.10697115384615384
2 0.8004807692307693 0.41586538461538464 0.024639423076923076 0.0967548076923077
1 0.1141826923076923 0.49038461538461536 0.10096153846153846 0.13040865384615385
2 0.4026442307692308 0.051682692307692304 0.012620192307692308 0.028846153846153848
1 0.5096153846153846 0.051682692307692304 0.019831730769230768 0.03365384615384615
1 0.8341346153846154 0.5528846153846154 0.11538461538461539 0.17307692307692307
1 0.9338942307692307 0.5528846153846154 0.12800480769230768 0.18389423076923078
1 0.7163461538461539 0.5588942307692307 0.1015625 0.18449519230769232
1 0.5817307692307693 0.6442307692307693 0.1015625 0.19170673076923078
2 0.4206730769230769 0.0733173076923077 0.006009615384615385 0.03665865384615385
1 0.11057692307692307 0.7596153846153846 0.12980769230769232 0.22175480769230768
1 0.5 0.07932692307692307 0.019230769230769232 0.024639423076923076
1 0.78125 0.7956730769230769 0.1544471153846154 0.28365384615384615
2 0.8858173076923077 0.8305288461538461 0.040865384615384616 0.19411057692307693
2 0.9266826923076923 0.8894230769230769 0.031850961538461536 0.12920673076923078
2 0.44591346153846156 0.09014423076923077 0.01201923076923077 0.03365384615384615
2 0.38822115384615385 0.09375 0.0078125 0.04266826923076923
1 0.4639423076923077 0.10817307692307693 0.025240384615384616 0.051682692307692304
1 0.515625 0.109375 0.021634615384615384 0.04026442307692308
2 0.41947115384615385 0.1201923076923077 0.01201923076923077 0.0390625
1 0.5865384615384616 0.140625 0.027644230769230768 0.04326923076923077
1 0.18990384615384615 0.15625 0.043870192307692304 0.051682692307692304
3 0.7223557692307693 0.16826923076923078 0.014423076923076924 0.06790865384615384
1 0.6213942307692307 0.1814903846153846 0.03365384615384615 0.0625