3 0.8245192307692307 0.20793269230769232 0.013822115384615384 0.059495192307692304
3 0.8100961538461539 0.21153846153846154 0.015625 0.05709134615384615
1 0.31490384615384615 0.21754807692307693 0.042067307692307696 0.06911057692307693
1 0.234375 0.22235576923076922 0.04807692307692308 0.0546875
1 0.6899038461538461 0.2776442307692308 0.06790865384615384 0.1171875
2 0.44471153846153844 0.2824519230769231 0.0234375 0.07391826923076923
1 0.2127403846153846 0.2932692307692308 0.057692307692307696 0.08173076923076923
6 0.6009615384615384 0.3112980769230769 0.06790865384615384 0.13161057692307693
2 0.28966346153846156 0.38100961538461536 0.026442307692307692 0.09915865384615384
1 0.20432692307692307 0.38822115384615385 0.07091346153846154 0.08473557692307693
6 0.6454326923076923 0.3918269230769231 0.09134615384615384 0.21213942307692307
1 0.3401442307692308 0.4639423076923077 0.08954326923076923 0.18629807692307693
0 0.8617788461538461 0.48197115384615385 0.27163461538461536 0.4182692307692308
1 0.44591346153846156 0.5036057692307693 0.06911057692307693 0.15084134615384615
1 0.7175480769230769 0.5516826923076923 0.1123798076923077 0.17548076923076922
1 0.5673076923076923 0.6875 0.10697115384615384 0.203125
1 0.78125 0.7872596153846154 0.15865384615384615 0.29146634615384615
2 0.8882211538461539 0.8305288461538461 0.04567307692307692 0.21454326923076922
2 0.9423076923076923 0.84375 0.06310096153846154 0.1875
2 0.9098557692307693 0.9206730769230769 0.05588942307692308 0.15384615384615385
1 0.3737980769230769 0.15264423076923078 0.036057692307692304 0.0546875
1 0.625 0.20192307692307693 0.038461538461538464 0.05829326923076923
1 0.5192307692307693 0.20673076923076922 0.043870192307692304 0.0625
3 0.8377403846153846 0.20673076923076922 0.017427884615384616 0.0625